Ciphers:
00110001 01110111 01100001 01110010 01101101 01101001 01110010 01101111 01101110 00110110
316b696e647374617238
MTA4YmVzdHJvY2szMDI=
4d6a517964326c7a5a576870624777344d6a6b3d
Gurer jrer gra ubfgf hc va gur cbeg fpna
Y vekdt uywxj TDI husehti veh jxqj tecqyd
68 111 32 121 111 117 32 116 104 105 110 107 32 116 104 101 121 32 119 105 108 108 32 98 101 32 97 98 108 101 32 116 111 32 100 101 99 114 121 112 116 32 116 104 105 115 32 45 32 77 101 103 97 56 52 56 48 120
3-33-555-33-8-33 999-666-88-777 22-2-7777-44 44-444-7777-8-666-777-999
6fce38f8836e82d446c3af46eb3a945a97bb8088256751e47f73a02943883165
